OPENBVE
#ACCELERATION
2,2,1,10,1
3.5,3.5,14,14,2
3.5,3.5,38,38,2.5
3.5,3.5,45,160,3
#PERFORMANCE
3.5            ; Deceleration
0.38           ; CoefficientOfStaticFriction
0              ; Reserved (not used)
0.0025         ; CoefficientOfRollingResistance
1.2            ; AerodynamicDragCoefficient
#DELAY
0.5            ; DelayPowerUp
0.5            ; DelayPowerDown
0.25           ; DelayBrakeUp
0.25           ; DelayBrakeDown
#MOVE
100            ; JerkPowerUp
100            ; JerkPowerDown
130            ; JerkBrakeUp
130            ; JerkBrakeDown
300            ; BrakeCylinderUp
230            ; BrakeCylinderDown
#BRAKE
1              ; BrakeType
1              ; BrakeControlSystem
0              ; BrakeControlSpeed
#PRESSURE
210            ; BrakeCylinderServiceMaximumPressure
400            ; BrakeCylinderEmergencyMaximumPressure
790            ; MainReservoirMinimumPressure
890            ; MainReservoirMaximumPressure
692.5          ; BrakePipeNormalPressure
#HANDLE
1              ; HandleType
4              ; PowerNotches
8              ; BrakeNotches
0              ; PowerNotchReduceSteps
#CAB
-60            ; X
2500           ; Y
-500           ; Z
0              ; DriverCar
#CAR
35.2           ; MotorCarMass
6              ; NumberOfMotorCars
25.7           ; TrailerCarMass
2              ; NumberOfTrailerCars
17.7           ; LengthOfACar
0              ; FrontCarIsAMotorCar
2.6            ; WidthOfACar
3.2            ; HeightOfACar
1.5            ; CenterOfGravityHeight
5              ; ExposedFrontalArea
1.6            ; UnexposedFrontalArea
#DEVICE
-1             ; Ats
2              ; Atc
1              ; Eb
0              ; ConstSpeed
0              ; HoldBrake
0              ; ReAdhesionDevice
9              ; Reserved (not used)
0              ; PassAlarm
2              ; DoorOpenMode
2              ; DoorCloseMode
#MOTOR_P1
-1,100,128
-1,100,128
-1,100,128
-1,100,128
-1,100,128
-1,100,128
-1,100,128
-1,100,128
-1,100,128
-1,100,128
-1,100,128
-1,100,128
-1,100,128
-1,100,128
-1,100,128
-1,100,128
-1,100,128
-1,1.98019802570343,128
-1,2.85900688171387,128
-1,3.7378157377243,1.98019802570343
-1,4.61662471294403,9.90099012851715
-1,5.49543368816376,17.8217825889587
0,6.37424266338348,25.7425751686096
0,7.25305163860321,33.6633667945862
0,8.13186061382294,41.5841603279114
0,9.01066958904266,49.5049519538879
0,9.88947856426239,57.4257435798645
0,10.7682875394821,65.3465352058411
0,11.6470965147018,73.2673268318176
0,12.5259054899216,81.1881184577942
0,13.4047144651413,89.1089100837708
0,14.283523440361,97.0297017097473
0,15.1623324155807,104.950493335724
0,16.0411413908005,112.8712849617
0,16.9199503660202,120.792076587677
0,17.7987593412399,128.712875366211
0,18.6775683164597,128.787882804871
0,19.5563772916794,128.862895011902
0,20.4351862668991,128.937907218933
0,21.3139952421188,129.012919425964
0,22.1928042173386,129.087931632996
0,23.0716131925583,129.162943840027
0,23.950422167778,129.237956047058
0,24.8292311429977,129.312968254089
0,25.7080401182175,129.387980461121
0,26.5868490934372,129.462992668152
0,27.4656580686569,129.538004875183
0,28.3444670438766,129.613017082214
0,29.2232760190964,129.688029289246
0,30.1020849943161,129.763041496277
0,30.9808939695358,129.838053703308
0,31.8597029447556,129.913065910339
0,32.7385119199753,129.988078117371
0,33.6173189878464,130.063090324402
0,34.4961260557175,130.138102531433
0,35.3749331235886,130.213114738464
0,36.2537401914597,130.288126945496
0,37.1325472593308,130.363139152527
0,38.0113543272018,130.438151359558
0,38.8901613950729,130.513163566589
0,39.768968462944,130.588175773621
0,40.6477755308151,130.663187980652
0,41.5265825986862,130.738200187683
0,42.4053896665573,130.813212394714
0,43.2841967344284,130.888224601746
0,44.1630038022995,130.963236808777
0,45.0418108701706,131.038249015808
0,45.9206179380417,131.113261222839
0,46.7994250059128,131.188273429871
0,47.6782320737839,131.263285636902
0,48.557039141655,131.338297843933
0,49.4358462095261,131.413310050964
0,50.3146532773972,131.488322257996
0,51.1934603452683,131.563334465027
0,52.0722674131393,131.638346672058
0,52.9510744810104,131.713358879089
0,53.8298815488815,131.788371086121
0,54.7086886167526,131.863383293152
0,55.5874956846237,131.938395500183
0,56.4663027524948,132.013407707214
0,57.3451098203659,132.088419914246
0,58.223916888237,132.163432121277
0,59.1027239561081,132.238444328308
0,59.9815310239792,132.313456535339
0,60.8603380918503,132.388468742371
0,61.7391451597214,132.463480949402
0,62.6179522275925,132.538493156433
0,63.4967592954636,132.613505363464
0,64.3755663633347,132.688517570496
0,65.2543734312058,132.763529777527
0,66.1331804990768,132.838541984558
0,67.0119875669479,132.913554191589
0,67.890794634819,132.988566398621
0,68.7696017026901,133.063578605652
0,69.6484087705612,133.138590812683
0,70.5272158384323,133.213603019714
0,71.4060229063034,133.288615226746
0,72.2848299741745,133.363627433777
0,73.1636370420456,133.438639640808
0,74.0424441099167,134.653472900391
0,74.9212511777878,134.798365280032
0,75.8000582456589,134.94326274097
0,76.67886531353,135.088160201907
0,77.5576723814011,135.233057662845
0,78.4364794492722,138.613861083984
0,79.3152865171433,181.753902435303
0,80.1940935850143,224.893947601318
0,81.0729006528854,268.033992767334
0,81.9517077207565,311.17403793335
0,82.8305147886276,354.314083099365
0,83.7093218564987,397.454128265381
0,84.5881289243698,440.594055175781
0,85.4669359922409,440.594055501178
0,86.345743060112,440.594055501178
0,87.2245501279831,440.594055501178
0,88.1033571958542,440.594055501178
0,88.9821642637253,440.594055501178
0,89.8609713315964,440.594055501178
0,90.7397783994675,440.594055501178
0,91.6185854673386,440.594055501178
0,92.4973925352097,440.594055501178
0,93.3761996030808,440.594055501178
0,94.2550066709518,440.594055501178
0,95.1338137388229,440.594055501178
0,96.012620806694,440.594055175781
0,96.8914278745651,410.891084671021
0,97.7702349424362,381.188112258911
0,98.6490420103073,351.485139846802
0,99.5278490781784,321.782167434692
0,100.40665614605,292.079195022583
0,101.285463213921,262.376222610474
0,102.164270281792,232.673250198364
0,103.043077349663,202.970277786255
0,103.921884417534,173.267305374146
0,104.800691485405,143.564332962036
0,105.679498553276,139.869776412845
0,106.558305621147,140.014673873782
0,107.437112689018,140.15957133472
0,108.315919756889,140.304468795657
0,109.19472682476,140.449366256595
0,110.073533892632,140.594263717532
0,110.952340960503,141.949015259743
0,111.831148028374,142.261683106422
0,112.709955096245,142.574350953102
0,113.588762164116,143.447722196579
0,114.467569231987,143.391051054001
0,115.346376299858,143.334379911423
0,116.225183367729,143.277708768845
0,117.1039904356,143.221037626266
0,117.982797503471,143.164366483688
0,118.861604571342,143.10769534111
0,119.740411639214,143.051024198532
0,120.619218707085,142.994353055954
0,121.498025774956,142.937681913376
0,122.376832842827,142.881010770798
0,123.255639910698,142.82433962822
0,124.134446978569,142.767668485641
0,125.01325404644,142.710997343063
0,125.892061114311,142.654326200485
0,126.770868182182,142.597655057907
0,127.649675250053,142.540983915329
0,128.528482317925,142.484312772751
0,129.40729701519,142.427641630173
0,130.286111712456,142.370970487595
0,131.164926409721,142.314299345016
0,132.043741106987,142.257628202438
0,132.922555804253,142.20095705986
0,133.801370501518,142.144285917282
0,134.680185198784,142.087614774704
0,135.55899989605,142.030943632126
0,136.437814593315,141.974272489548
0,137.316629290581,141.91760134697
0,138.195443987846,141.860930204391
0,139.074258685112,141.804259061813
0,139.953073382378,141.747587919235
0,140.831888079643,141.690916776657
0,141.710702776909,141.634245634079
0,142.589517474175,141.577574491501
0,143.46833217144,141.520903348923
0,144.347146868706,141.464232206345
0,145.225961565971,141.407561063766
0,146.104776263237,141.350889921188
0,146.983590960503,141.29421877861
0,147.862405657768,141.237547636032
0,148.741220355034,141.180876493454
0,149.6200350523,141.124205350876
0,150.498849749565,141.067534208298
0,151.377664446831,141.01086306572
0,152.256479144096,140.954191923141
0,153.135293841362,140.897520780563
0,154.014108538628,140.840849637985
0,154.892923235893,140.784178495407
0,155.771737933159,140.727507352829
0,156.650552630425,140.670836210251
0,157.52936732769,140.614165067673
0,158.408182024956,140.557493925095
0,159.286996722221,140.500822782516
0,160.165811419487,140.444151639938
0,161.044626116753,140.38748049736
0,161.923440814018,140.330809354782
0,162.802255511284,140.274138212204
0,163.68107020855,140.217467069626
0,164.559884905815,140.160795927048
0,165.438699603081,140.10412478447
0,166.317514300346,140.047453641891
0,167.196328997612,139.990782499313
0,168.075143694878,139.934111356735
0,168.953958392143,139.877440214157
0,169.832773089409,139.820769071579
0,170.711587786675,139.764097929001
0,171.59040248394,139.707426786423
0,172.469217181206,139.650755643845
0,173.348031878471,139.594084501266
0,174.226846575737,139.537413358688
0,175.105661273003,139.48074221611
0,175.984475970268,139.424071073532
0,176.863290667534,139.367399930954
0,177.7421053648,139.310728788376
0,178.620920062065,139.254057645798
0,179.499734759331,139.19738650322
0,180.378549456596,139.140715360641
0,181.257364153862,139.084044218063
0,182.136178851128,139.027373075485
0,183.014993548393,138.970701932907
0,183.893808245659,138.914030790329
0,184.772622942925,138.857359647751
0,185.65143764019,138.800688505173
0,186.530252337456,138.744017362595
0,187.409067034721,138.687346220016
0,188.287881731987,138.630675077438
0,189.166696429253,138.57400393486
0,190.045511126518,138.517332792282
0,190.924325823784,138.460661649704
0,191.80314052105,138.403990507126
0,192.681955218315,138.347319364548
0,193.560769915581,138.29064822197
0,194.439584612846,138.233977079391
0,195.318399310112,138.177305936813
0,196.197214007378,138.120634794235
0,197.076028704643,138.613861083984
0,197.954843401909,138.550393201411
0,198.833658099175,138.4869318977
0,199.71247279644,138.423470593989
0,200.591287493706,138.360009290278
0,201.470102190971,138.296547986567
0,202.348916888237,138.233086682856
0,203.227731585503,138.169625379145
0,204.106546282768,138.106164075434
0,204.985360980034,138.042702771723
0,205.8641756773,137.979241468012
0,206.742990374565,137.915780164301
0,207.621805071831,137.85231886059
0,208.500619769096,137.78885755688
0,209.379434466362,137.725396253169
0,210.258249163628,137.661934949458
0,211.137063860893,137.598473645747
0,212.015878558159,137.535012342036
0,212.894693255425,137.471551038325
0,213.77350795269,137.408089734614
0,214.652322649956,137.344628430903
0,215.531137347221,137.281167127192
0,216.409952044487,137.217705823481
0,217.288766741753,137.15424451977
0,218.167581439018,137.090783216059
0,219.046396136284,137.027321912348
0,219.92521083355,136.963860608637
0,220.804025530815,136.900399304926
0,221.682840228081,136.836938001215
0,222.561654925346,136.773476697505
0,223.440469622612,136.710015393794
0,224.319284319878,136.646554090083
0,225.198099017143,136.583092786372
0,226.076913714409,136.519631482661
0,226.955728411675,136.45617017895
0,227.83454310894,136.392708875239
0,228.713357806206,136.329247571528
0,229.592172503471,136.265786267817
0,230.470987200737,136.202324964106
0,231.349801898003,136.138863660395
0,232.228616595268,136.075402356684
0,233.107431292534,136.011941052973
0,233.9862459898,135.948479749262
0,234.865060687065,135.885018445551
0,235.743875384331,135.82155714184
0,236.622690081596,135.75809583813
0,237.501504778862,135.694634534419
0,238.380319476128,135.631173230708
0,239.259134173393,135.567711926997
0,240.137948870659,135.504250623286
0,241.016763567925,135.440789319575
0,241.89557826519,135.377328015864
0,242.774392962456,135.313866712153
0,243.653207659721,135.250405408442
0,244.532022356987,135.186944104731
0,245.410837054253,135.12348280102
0,246.289651751518,135.060021497309
0,247.168466448784,134.996560193598
0,247.524749755859,134.933098889887
0,248.442402482033,134.869637586176
0,249.360050797462,135.643569946289
0,250.277699112892,135.39194253087
0,251.195347428322,135.140309840441
0,252.112995743752,134.888677150011
0,253.030644059181,134.637044459581
0,253.948292374611,134.385411769152
0,254.865940690041,134.133779078722
0,255.78358900547,133.882146388292
0,256.7012373209,133.630513697863
0,257.61888563633,133.378881007433
0,258.536549210548,133.127248317003
0,259.454212784767,132.875615626574
0,260.371876358986,132.623982936144
0,261.289539933205,132.372350245714
0,262.207203507423,132.120717555285
0,263.124867081642,131.869084864855
0,264.042530655861,131.617452174425
0,264.96019423008,131.365819483995
0,265.877857804298,131.114186793566
0,266.795521378517,130.862554103136
0,267.713184952736,130.610921412706
0,268.630848526955,130.359288722277
0,269.548512101173,130.107656031847
0,270.466175675392,129.856023341417
0,271.383839249611,129.604390650988
0,272.30150282383,129.352757960558
0,273.219166398048,129.101125270128
0,274.136829972267,128.849492579699
0,275.054493546486,128.597859889269
0,275.972157120705,128.346227198839
0,276.889820694923,128.09459450841
0,277.807484269142,127.84296181798
0,278.725147843361,127.591336756945
0,279.64281141758,127.33971169591
0,280.560474991798,127.088086634874
0,281.478138566017,126.836461573839
0,282.395802140236,126.584836512804
0,283.313465714455,126.333211451769
0,284.231129288673,126.081586390734
0,285.148792862892,125.829961329699
0,286.066456437111,125.578336268663
0,286.98412001133,125.326711207628
0,287.901783585548,125.075086146593
0,288.819447159767,124.823461085558
0,289.737110733986,124.571836024523
0,290.654774308205,124.320210963488
0,291.572437882423,124.068585902452
0,292.490101456642,123.816960841417
0,293.407765030861,123.565335780382
0,294.32542860508,123.313710719347
0,295.243092179298,123.062085658312
0,296.160755753517,122.810460597277
0,297.078419327736,122.558835536242
0,297.996082901955,122.307210475206
0,298.913746476173,122.055585414171
0,299.831410050392,121.803960353136
0,300.749073624611,121.552335292101
0,301.66673719883,121.300710231066
0,302.584400773048,121.049085170031
0,303.502064347267,120.797460108995
0,304.419727921486,120.54583504796
0,305.337391495705,120.294209986925
0,306.255055069923,120.04258492589
0,307.172718644142,119.790959864855
0,308.090382218361,119.53933480382
0,309.00804579258,119.287709742785
0,309.925709366798,119.036084681749
0,310.843372941017,118.784459620714
0,311.761036515236,118.532834559679
0,312.678700089455,118.281209498644
0,313.596363663673,118.029584437609
0,314.514027237892,117.777959376574
0,315.431690812111,117.526334315538
0,316.34935438633,117.274709254503
0,317.267017960548,117.023084193468
0,318.184681534767,116.771459132433
0,319.102345108986,116.519834071398
0,320.020008683205,116.268209010363
0,320.937672257423,116.016583949327
0,320.792083740234,115.764958888292
0,321.672171592712,115.513333827257
0,322.552268028259,115.261708766222
0,323.432364463806,115.010083705187
0,324.312460899353,114.758458644152
0,325.1925573349,114.506833583117
0,326.072653770447,114.255208522081
0,326.952750205994,114.003583461046
0,327.832846641541,113.751958400011
0,328.712943077087,113.500333338976
0,329.593039512634,113.248708277941
0,330.473135948181,112.997083216906
0,331.353232383728,112.74545815587
0,332.233328819275,112.493833094835
0,333.113425254822,112.2422080338
0,333.993521690369,111.990582972765
0,334.873618125916,111.73895791173
0,335.753714561462,111.487332850695
0,336.633810997009,111.23570778966
0,337.513907432556,110.984082728624
0,338.394003868103,110.732457667589
0,339.27410030365,110.480832606554
0,340.154196739197,110.229207545519
0,341.034293174744,109.977582484484
0,341.914389610291,109.725957423449
0,342.794486045837,109.474332362413
0,343.674582481384,109.222707301378
0,344.554678916931,108.971082240343
0,345.434775352478,108.719457179308
0,346.314871788025,108.467832118273
0,347.194968223572,108.216207057238
0,348.075064659119,107.964581996202
0,348.955161094666,107.712956935167
0,349.835257530212,107.461331874132
0,350.715353965759,107.209706813097
0,351.595450401306,106.958081752062
0,352.475546836853,106.706456691027
0,353.3556432724,106.454831629992
0,354.235739707947,106.203206568956
0,355.115836143494,105.951581507921
0,355.995932579041,105.699956446886
0,356.876029014587,105.448331385851
0,357.756125450134,105.196706324816
0,358.636221885681,104.945081263781
0,359.516318321228,104.693456202745
0,360.396414756775,104.44183114171
0,361.276511192322,104.190206080675
0,362.156607627869,103.93858101964
0,363.036704063416,103.686955958605
0,363.916800498962,103.43533089757
0,364.796896934509,103.183705836535
0,365.676993370056,102.932080775499
0,366.557089805603,102.680455714464
0,367.43718624115,102.428830653429
0,368.317282676697,102.177205592394
0,369.197379112244,101.925580531359
0,370.077475547791,101.673955470324
0,370.957571983337,101.422330409288
0,371.837668418884,101.170705348253
0,372.717764854431,100.919080287218
0,373.597861289978,100.667455226183
0,374.477957725525,100.415830165148
0,375.358054161072,100.164205104113
0,376.238150596619,99.9125800430775
0,377.118247032166,99.6609549820423
0,377.998343467712,99.4093299210072
0,378.878439903259,99.157704859972
0,379.758536338806,98.9060797989368
0,380.638632774353,98.6544547379017
0,381.5187292099,98.4028296768665
0,382.398825645447,98.1512046158314
0,383.278922080994,97.8995795547962
0,384.159018516541,97.6479544937611
0,385.039114952087,97.3963294327259
0,385.919211387634,97.1447043716908
0,386.799307823181,96.8930793106556
0,387.679404258728,96.6414542496204
0,388.559500694275,96.3898291885853
0,389.439597129822,96.1382041275501
0,390.319693565369,95.886579066515
0,391.199790000916,95.6349540054798
0,392.079886436462,95.3833289444447
0,392.959982872009,95.1317038834095
0,393.840079307556,94.8800788223743
0,394.720175743103,94.6284537613392
0,395.60027217865,94.376828700304
0,396.480368614197,94.1252036392689
0,397.360465049744,93.8735785782337
0,398.240561485291,93.6219535171986
0,399.120657920837,93.3703284561634
0,400.000754356384,93.1187033951283
0,400.880850791931,92.8670783340931
0,401.760947227478,92.6154532730579
0,402.641043663025,92.3638282120228
0,403.521140098572,92.1122031509876
0,404.401236534119,91.8605780899525
0,405.281332969666,91.6089530289173
0,406.161429405212,91.3573279678822
0,407.041525840759,91.105702906847
0,407.921622276306,90.8540778458118
0,407.112726092339,90.6024527847767
0,407.991540789604,90.3508277237415
0,408.87035548687,90.0992026627064
0,409.749170184135,124.268310084939
0,410.627984881401,124.210494533181
0,411.506799578667,124.152678981423
0,412.385614275932,124.094863429666
0,413.264428973198,124.037047877908
0,414.143243670464,123.97923232615
0,415.022058367729,123.921416774392
0,415.900873064995,123.863601222634
0,416.77968776226,123.805785670877
0,417.658502459526,123.747970119119
0,418.537317156792,123.690154567361
0,419.416131854057,123.632339015603
0,420.294946551323,123.574523463845
0,421.173761248589,123.516707912087
0,422.052575945854,123.45889236033
0,422.93139064312,123.401076808572
0,423.810205340385,123.343261256814
0,424.689020037651,123.285445705056
0,425.567834734917,123.227630153298
0,426.446649432182,123.169814601541
0,427.325464129448,123.111999049783
0,428.204278826714,123.054183498025
0,429.083093523979,122.996367946267
0,429.961908221245,122.938552394509
0,430.84072291851,122.880736842752
0,431.719537615776,122.822921290994
0,432.598352313042,122.765105739236
0,433.477167010307,122.707290187478
0,434.355981707573,122.64947463572
0,435.234796404839,122.591659083962
0,436.113611102104,122.533843532205
0,436.99242579937,122.476027980447
0,437.871240496635,122.418212428689
0,438.750055193901,122.360396876931
0,439.628869891167,122.302581325173
0,440.507684588432,122.244765773416
-1,441.386499285698,122.186950221658
#MOTOR_P2
3,100,178.260864257813
3,100,178.260865319294
3,100,178.260865319294
3,100,178.260865319294
3,100,178.260865319294
1,100,4.34782600402832
1,100,29.0372657775879
1,100,53.7267055511475
1,100,78.4161472320557
1,100,103.105585098267
1,100,128.260864257813
1,100,140.217388153076
1,100,152.173915863037
1,100,164.130443572998
1,100,176.086971282959
1,100,177.173919661272
1,100,177.173919661272
1,100,177.173919661272
1,100,177.173919661272
1,100,177.173919661272
1,100,177.173919661272
1,100,177.173919661272
1,100,177.173919661272
1,100,177.173919661272
1,100,177.173919661272
1,100,177.173919661272
1,100,177.173919661272
1,100,177.173919661272
1,100,177.173919661272
1,100,177.173919661272
1,100,177.173919661272
1,100,177.173919661272
1,100,177.173919661272
1,100,177.173919661272
1,100,177.173919661272
1,100,177.173919661272
1,100,177.173919661272
1,100,177.173919661272
1,100,177.173919661272
1,100,177.173919661272
1,100,177.173919661272
1,100,177.173919661272
1,100,177.173919661272
1,100,177.173919661272
1,100,177.173919661272
1,100,177.173919661272
1,100,177.173919661272
1,100,177.173919661272
1,100,177.173919661272
1,100,177.173919661272
1,100,177.173919661272
1,100,177.173919661272
1,100,177.173919661272
1,100,177.173919661272
1,100,177.173919661272
1,100,177.173919661272
1,100,177.173919661272
1,100,177.173919661272
1,100,177.173919661272
1,100,177.173919661272
1,100,177.173919661272
1,100,177.173919661272
1,100,177.173919661272
1,100,177.173919661272
1,100,177.173919661272
1,100,177.173919661272
1,100,177.173919661272
1,100,177.173919661272
1,100,177.173919661272
1,100,177.173919661272
1,100,177.173919661272
1,100,177.173919661272
1,100,177.173919661272
1,100,177.173919661272
1,100,177.173919661272
1,100,177.173919661272
1,100,177.173919661272
1,100,177.173919661272
1,100,177.173919661272
1,100,177.173919661272
1,100,177.173919661272
1,100,177.173919661272
1,100,177.173919661272
1,100,177.173919661272
1,100,177.173919661272
1,100,177.173919661272
1,100,177.173919661272
1,100,177.173919661272
1,100,177.173919661272
1,100,177.173919661272
1,100,177.173919661272
1,100,177.173919661272
1,100,177.173919661272
1,100,177.173919661272
1,100,177.173919661272
1,100,177.173919661272
1,100,177.173919661272
1,100,177.173919661272
1,100,177.173919661272
1,100,177.173919661272
1,100,177.173919661272
1,100,177.173919661272
1,100,177.173919661272
1,100,177.173919661272
1,100,177.173919661272
1,100,177.173919661272
1,100,177.173919661272
1,100,177.173919661272
1,100,177.173919661272
1,100,177.173919661272
1,100,177.173919661272
1,100,177.173919661272
1,100,177.173919661272
1,100,177.173919661272
1,100,177.173919661272
1,100,177.173919661272
1,100,177.173919661272
1,100,177.173919661272
1,100,177.173919661272
1,100,177.173919661272
1,100,177.173919661272
1,100,177.173919661272
1,100,177.173919661272
1,100,177.173919661272
1,100,177.173919661272
1,100,177.173919661272
1,100,177.173919661272
1,100,177.173919661272
1,100,177.173919661272
1,100,177.173919661272
1,100,177.173919661272
1,100,177.173919661272
1,100,177.173919661272
1,100,177.173919661272
1,100,177.173919661272
1,100,177.173919661272
1,100,177.173919661272
1,100,177.173919661272
1,100,177.173919661272
1,100,177.173919661272
1,100,177.173919661272
1,100,177.173919661272
1,100,177.173919661272
1,100,177.173919661272
1,100,177.173919661272
1,100,177.173919661272
1,100,177.173919661272
1,100,177.173919661272
1,100,177.173919661272
1,100,177.173919661272
1,100,177.173919661272
1,100,177.173919661272
1,100,177.173919661272
1,100,177.173919661272
1,100,177.173919661272
1,100,177.173919661272
1,100,177.173919661272
1,100,177.173919661272
1,100,177.173919661272
1,100,177.173919661272
1,100,177.173919661272
1,100,177.173919661272
1,100,177.173919661272
1,100,177.173919661272
1,100,177.173919661272
1,100,177.173919661272
1,100,177.173919661272
1,100,177.173919661272
1,100,177.173919661272
1,100,177.173919661272
1,100,177.173919661272
1,100,177.173919661272
1,100,177.173919661272
1,100,177.173919661272
1,100,177.173919661272
1,100,177.173919661272
1,100,177.173919661272
1,100,177.173919661272
1,100,177.173919661272
1,100,177.173919661272
1,100,177.173919661272
1,100,177.173919661272
1,100,178.260864257813
1,100,171.884052753448
1,100,165.50723695755
1,100,159.130421161652
1,100,152.753605365753
1,100,146.376789569855
1,100,139.999973773956
1,100,133.623157978058
1,100,127.246342182159
1,100,120.869534015656
1,100,114.492725849152
1,100,108.115917682648
1,100,101.739109516144
1,100,95.3623013496399
1,100,88.985493183136
1,100,82.6086850166321
1,100,76.2318768501282
1,100,69.8550686836243
1,100,63.4782605171204
1,100,57.1014485359192
1,100,50.724636554718
1,100,44.3478245735168
1,100,37.9710125923157
1,100,31.5942006111145
1,100,25.2173886299133
1,100,18.8405766487122
1,100,12.463764667511
1,100,9.78260898590088
1,100,1.086989402771
1,100,2.17391300201416
2,39.1304347826087,11.956521987915
2,39.347827270627,19.6331505775452
2,39.5652192384005,27.3097786903381
2,39.7826112061739,34.9864068031311
2,40.0000031739473,42.6630368232727
2,40.2173951417208,50.3396649360657
2,40.4347871094942,58.0162930488586
2,40.6521790772676,65.6929211616516
2,40.8695710450411,73.3695530891418
2,41.0869630128145,81.0461812019348
2,41.304354980588,88.7228093147278
2,42.0675311684608,96.3994374275208
2,42.3219256997108,104.076065540314
2,42.5763202309608,111.752693653107
2,42.8307147622108,119.4293217659
2,43.0851092934608,127.105949878693
2,43.3395038247108,134.782577991486
2,43.5938983559608,138.043473362923
2,43.8482928872108,137.771736860275
2,44.1026874184608,136.413048505783
2,44.3570819497108,135.054360151291
2,44.6114764809608,133.695671796799
2,44.8658710122108,132.336983442307
2,45.1202655434608,130.978295087814
2,45.3746600747108,129.619606733322
2,45.6290546059608,128.26091837883
2,45.8834491372108,126.902230024338
2,46.1378436684608,125.543534040451
2,46.3922381997108,124.184838056564
2,46.6466327309608,122.826142072678
2,46.9010272622108,121.467446088791
2,47.1554217934608,120.108750104904
2,47.4098163247108,118.750054121017
2,47.6642108559608,117.391358137131
2,47.9186053872108,116.032662153244
2,48.1729999184608,114.673966169357
2,48.4273944497108,113.315270185471
2,48.6817889809608,111.956574201584
2,48.9361835122108,110.597878217697
2,49.1905780434608,109.23918223381
2,49.4449725747108,107.880486249924
2,49.6993671059608,106.521790266037
2,49.9537616372108,105.16309428215
2,50.2081561684608,103.804398298264
2,50.4625506997108,102.445702314377
2,50.7169452309608,101.08700633049
2,50.9713397622108,99.7283103466034
2,51.2257342934608,98.3696143627167
2,51.4801288247108,97.01091837883
2,51.7345233559608,95.6521759033203
2,51.9889178872108,93.9280376434326
2,52.2433124184608,92.2039012908936
2,52.4977069497108,90.4797649383545
2,52.7521014809608,88.7556285858154
2,53.0064960122108,87.0314922332764
2,53.2608905434608,85.3073558807373
2,53.5152850747108,83.5832195281982
2,53.7696796059608,81.8590831756592
2,54.0240741372108,80.1349468231201
2,54.2784686684608,78.4108104705811
2,54.5328631997108,76.686674118042
2,54.7872577309608,74.9625377655029
2,55.0416522622108,73.2384014129639
2,55.2960467934608,71.5142650604248
2,55.5504413247108,69.7901287078857
2,55.8048358559608,68.0659923553467
2,56.0592303872108,66.3418560028076
2,56.3136249184608,64.6177196502686
2,56.5680194497108,62.8935832977295
2,56.8224139809608,61.1694469451904
2,57.0768085122108,59.4453105926514
2,57.3312030434608,57.7211742401123
2,57.5855975747108,55.9970378875732
2,57.8399921059608,54.2729015350342
2,58.0943866372108,52.5487651824951
2,58.3487811684608,50.8246288299561
2,58.6031756997108,49.100492477417
2,58.8575702309608,47.3763561248779
2,59.1119647622108,45.6522197723389
2,59.3663592934608,45.5022181719542
2,59.6207538247108,45.6146601885557
2,59.8751483559608,45.7271022051573
2,60.1295428872108,45.8395442217588
2,60.3839374184608,45.9519862383604
2,60.6383319497108,46.064428254962
2,60.8927264809608,46.1768702715635
2,61.1471210122108,46.2893122881651
2,61.4015155434608,46.4017543047667
2,61.6559100747108,46.5141963213682
2,61.9103046059608,46.6266383379698
2,62.1646991372108,46.7390803545713
2,62.4190936684608,54.0513825416565
2,62.6734881997108,61.3636345863342
2,62.9278827309608,68.675886631012
2,63.1822772622108,75.9881386756897
2,63.4366717934608,83.3003869056702
2,63.6910663247108,90.6126351356506
2,63.9454608559608,97.9248833656311
2,64.1998553872108,105.237131595612
2,64.4542461037636,112.549379825592
2,64.7086406350136,119.861628055573
2,64.9630351662636,127.173876285553
2,65.2174296975136,127.440526455641
2,66.610041052103,127.573834866285
2,66.864794164896,127.70714327693
2,67.119547277689,127.840451687574
2,67.3743003904819,127.973760098219
2,67.6290535032749,128.107068508863
2,67.8838066160679,128.240376919508
2,68.1385597288609,128.373677700758
2,68.3933128416538,128.506978482008
2,68.6480659544468,128.640279263258
2,68.9028190672398,128.773580044508
2,69.1575721800327,128.906880825758
2,69.4123252928257,129.040181607008
2,69.6670784056187,129.173482388258
2,69.9218315184116,129.306783169508
2,70.1765846312046,129.440083950758
2,70.4313377439976,129.573384732008
2,70.6860908567905,129.706685513258
2,70.9408439695835,129.839986294508
2,71.1955970823765,129.973287075758
2,71.4503501951694,130.106587857008
2,71.7051033079624,130.239888638258
2,71.9598564207554,130.373189419508
2,72.2146095335484,130.506490200758
2,72.4693626463413,130.639790982008
2,72.7241157591343,130.773091763258
2,72.9788688719273,130.906392544508
2,73.2336219847202,131.039693325758
2,73.4883750975132,131.172994107008
2,73.7431282103062,131.306294888258
2,73.9978813230991,131.439595669508
2,74.2526344358921,131.572896450758
2,74.5073875486851,131.706197232008
2,74.762140661478,131.839498013258
2,75.016893774271,131.972798794508
2,75.271646887064,132.106099575758
2,75.5263999998569,132.239400357008
2,75.7811531126499,132.372701138258
2,76.0359062254429,132.506001919508
2,76.2906593382359,132.639302700758
2,76.5454124510288,132.772603482008
2,76.8001655638218,132.905904263258
2,77.0549186766148,133.039205044508
2,77.3096717894077,133.172505825758
2,77.5644249022007,133.305806607008
2,77.8191780149937,133.439107388258
2,78.0739311277866,133.572408169508
2,78.3286842405796,133.705708950758
2,78.5834373533726,133.839009732008
2,78.8381904661655,133.972310513258
2,79.0929435789585,134.105611294508
2,79.3476966917515,134.238912075758
2,79.6024498045444,134.372212857008
2,79.8572029173374,134.505513638258
2,80.1119560301304,134.638814419508
2,80.3667091429234,134.772115200758
2,80.6214622557163,134.905415982008
2,80.8762153685093,135.038716763258
2,81.1309684813023,135.172017544508
2,81.3857215940952,135.305318325758
2,81.6404747068882,135.438619107008
2,81.8952278196812,135.571919888258
2,82.1499809324741,135.705220669508
2,82.4047340452671,135.838521450758
2,82.6594871580601,135.971822232008
2,82.914240270853,136.105123013258
2,83.168993383646,136.238423794508
2,83.423746496439,136.371724575758
2,83.6784996092319,136.505025357008
2,83.9332527220249,136.638326138258
2,84.1880058348179,136.771626919508
2,84.4427589476109,136.904927700758
2,84.6975120604038,137.038228482008
2,84.9522651731968,137.171529263258
2,85.2070182859898,137.304830044508
2,85.4617713987827,137.438130825758
2,85.7165245115757,137.571431607008
2,85.9712776243687,137.704732388258
2,86.2260307371616,137.838033169508
2,86.4807838499546,137.971333950758
2,86.7355369627476,138.104634732008
2,86.9902900755405,138.237935513258
2,87.2450431883335,138.371236294508
2,87.4997963011265,138.504537075758
2,87.7545494139194,138.637837857008
2,88.0093025267124,138.771138638258
2,88.2640556395054,138.904439419508
2,88.5188087522984,139.037740200758
2,88.7735618650913,139.171040982008
2,89.0283149778843,139.304341763258
2,89.2830680906773,139.437642544508
2,89.5378212034702,139.570943325758
2,89.7925743162632,139.704244107008
2,90.0473274290562,139.837544888258
2,90.3020805418491,139.970845669508
2,90.5568336546421,140.104146450758
2,90.8115867674351,140.237447232008
2,91.066339880228,140.370748013258
2,91.321092993021,140.504048794508
2,91.575846105814,140.637349575758
2,91.8305992186069,140.770650357008
2,92.0853523313999,140.903951138258
2,92.3401054441929,141.037251919508
2,92.5948585569859,141.170552700758
2,92.8496116697788,141.303853482008
2,93.1043647825718,141.437154263258
2,93.3591178953648,141.570455044508
2,93.6138710081577,141.703755825758
2,93.8686241209507,141.837056607008
2,94.1233772337437,141.970357388258
2,94.3781303465366,142.103658169508
2,94.6328834593296,142.236958950758
2,94.8876365721226,142.370259732008
2,95.1423896849155,142.503560513258
2,95.3971427977085,142.636861294508
2,95.6521759033203,142.770162075758
2,95.9866240918636,142.903462857008
2,96.32107385993,143.036763638258
2,96.6555236279964,143.170064419508
2,96.9899733960629,143.303365200758
2,97.3244231641293,143.436665982008
2,97.6588729321957,143.569966763258
2,97.9933227002621,143.703267544508
2,98.3277724683285,143.836568325758
2,98.6622222363949,143.969869107008
2,98.9966720044613,144.103169888258
2,99.3311217725277,144.236470669508
2,99.6655715405941,144.369771450758
2,100.000021308661,144.503072232008
2,100.334471076727,144.636373013258
2,100.668920844793,144.769673794508
2,101.00337061286,144.902974575758
2,101.337820380926,145.036275357008
2,101.672270148993,145.169576138258
2,102.006719917059,145.302876919508
2,102.341169685125,145.436177700758
2,102.675619453192,145.569478482008
2,103.010069221258,145.702779263258
2,103.344518989325,145.836080044508
2,103.678968757391,145.969380825758
2,104.013418525457,146.102681607008
2,104.347868293524,146.235982388258
2,104.68231806159,146.369283169508
2,105.016767829657,146.502583950758
2,105.351217597723,146.635884732008
2,105.685667365789,146.769185513258
2,106.020117133856,146.902486294508
2,106.354566901922,147.035787075758
2,106.689016669989,147.169087857008
2,107.023466438055,147.302388638258
2,107.357916206121,147.435689419508
2,107.692365974188,147.568990200758
2,108.026815742254,147.702290982008
2,108.361265510321,147.835591763258
2,108.695715278387,147.968892544508
2,109.030165046453,148.102193325758
2,109.36461481452,148.235494107008
2,109.699064582586,148.368794888258
2,110.033514350653,148.502095669508
2,110.367964118719,148.635396450758
2,110.702413886786,148.768697232008
2,111.036863654852,148.901998013258
2,111.371313422918,149.035298794508
2,111.705763190985,149.168599575758
2,112.040212959051,149.301900357008
2,112.374662727118,149.435201138258
2,112.709112495184,149.568501919508
2,113.04356226325,149.701802700758
2,113.378012031317,149.835103482008
2,113.712461799383,149.968404263258
2,114.04691156745,150.101705044508
2,114.381361335516,150.235005825758
2,114.715811103582,150.368306607008
2,115.050260871649,150.501607388258
2,115.384710639715,150.634908169508
2,115.719160407782,150.768208950758
2,116.053610175848,150.901509732008
2,116.388059943914,151.034810513258
2,116.722509711981,151.168111294508
2,117.056959480047,151.301412075758
2,117.391409248114,151.434712857008
2,117.72585901618,151.568013638258
2,118.060308784246,151.701314419508
2,118.394758552313,151.834615200758
2,118.729208320379,151.967915982008
2,119.063658088446,152.101216763258
2,119.398107856512,152.234517544508
2,119.732557624578,152.367818325758
2,120.067007392645,152.501119107008
2,120.401457160711,152.634419888258
2,120.735906928778,152.767720669508
2,121.070356696844,152.901021450758
-1,121.404806464911,153.034322232008
#MOTOR_B1
-1,100,127.722772277228
-1,100,127.722770686922
-1,100,127.722770686922
-1,100,127.722770686922
-1,100,127.722770686922
-1,100,127.722770686922
-1,100,127.722770686922
-1,100,127.722770686922
-1,100,127.722770686922
-1,100,127.722770686922
-1,100,127.722770686922
-1,100,127.722770686922
-1,100,127.722770686922
-1,100,127.722770686922
-1,100,127.722770686922
-1,1.98019802570343,127.722770686922
-1,2.86407953500748,127.722770686922
-1,3.74796098470688,127.722770686922
-1,4.63184255361557,127.722770686922
-1,5.51572412252426,127.722770686922
-1,6.39960569143295,127.722770686922
-1,7.28348726034164,127.722770686922
-1,8.16736882925034,127.722770686922
-1,9.05125039815903,127.722770686922
-1,9.93513196706772,127.722770686922
-1,10.8190135359764,127.722770686922
-1,11.7028951048851,127.722770686922
-1,12.5867766737938,127.722770686922
-1,13.4706582427025,127.722770686922
-1,14.3545398116112,127.722770686922
-1,15.2384213805199,127.722770686922
-1,16.1223029494286,127.722770686922
-1,17.0061845183373,127.722770686922
-1,17.8900651335716,127.722770686922
-1,18.773945748806,127.722770686922
-1,19.6578263640404,127.722770686922
-1,20.5417069792748,127.722770686922
-1,21.4255875945091,127.722770686922
-1,22.3094682097435,127.722770686922
-1,23.1933488249779,127.722770686922
-1,24.0772294402123,127.722770686922
-1,24.9611100554466,127.722770686922
-1,25.844990670681,127.722770686922
-1,26.7288712859154,127.722770686922
-1,27.6127519011498,127.722770686922
-1,28.4966325163841,127.722770686922
-1,29.3805131316185,127.722770686922
-1,30.2643937468529,127.722770686922
-1,31.1482743620873,127.722770686922
-1,32.0321549773216,127.722770686922
-1,32.916035592556,127.722770686922
-1,33.7999162077904,127.722770686922
-1,34.6837968230248,127.722770686922
-1,35.5676774382591,127.722770686922
-1,36.4515580534935,127.722770686922
-1,37.3354386687279,127.722770686922
-1,38.2193192839623,127.722770686922
-1,39.1031998991966,127.722770686922
-1,39.987080514431,127.722770686922
-1,40.8709611296654,127.722770686922
-1,41.7548417448998,127.722770686922
-1,42.6387223601341,127.722770686922
-1,43.5226029753685,127.722770686922
-1,44.4064835906029,127.722770686922
-1,45.2903642058373,127.722770686922
-1,46.1742448210716,127.722770686922
-1,47.058125436306,127.722770686922
-1,47.9420060515404,127.722770686922
-1,48.8258866667748,127.722770686922
-1,49.7097672820091,127.722770686922
-1,50.5936478972435,127.722770686922
-1,51.4775285124779,127.722770686922
-1,52.3614091277123,127.722770686922
-1,53.2452897429466,127.722770686922
-1,54.129170358181,127.722770686922
-1,55.0130509734154,127.722770686922
-1,55.8969315886498,127.722770686922
-1,56.7808122038841,127.722770686922
-1,57.6646928191185,127.722770686922
-1,58.5485734343529,127.722770686922
-1,59.4324540495873,127.722770686922
-1,60.3163346648216,127.722770686922
-1,61.200215280056,127.722770686922
-1,62.0840958952904,127.722770686922
-1,62.9679765105248,127.722770686922
-1,63.8518571257591,127.722770686922
-1,64.7357377409935,127.722770686922
-1,65.6196221709251,127.722770686922
-1,66.5035027861595,127.722770686922
-1,67.3873834013939,127.722770686922
-1,68.2712640166283,127.722770686922
-1,69.1551446318626,127.722770686922
-1,70.039025247097,127.722770686922
-1,70.9229058623314,127.722770686922
-1,71.8067864775658,127.722770686922
-1,72.6906670928001,127.722770686922
-1,73.5745477080345,127.722770686922
-1,74.4584283232689,127.722770686922
-1,75.3423089385033,127.722770686922
-1,76.2261895537376,127.722770686922
-1,77.110070168972,127.722770686922
-1,77.9939507842064,127.722770686922
-1,78.8778313994408,127.722770686922
-1,79.7617120146751,127.722770686922
-1,80.6455926299095,46.5346534653465
0,81.5294732451439,51.0891084671021
0,82.4133538603783,55.6435632705688
0,83.2972344756126,60.1980180740356
0,84.181115090847,64.7524728775024
0,85.0649957060814,69.3069276809692
0,85.9488763213158,73.8613862991333
0,86.8327569365501,78.4158449172974
0,87.7166375517845,82.9703035354614
0,88.6005181670189,87.5247621536255
0,89.4843987822533,92.0792207717896
0,90.3682793974876,96.6336793899536
0,91.252160012722,101.188138008118
0,92.1360406279564,105.742596626282
0,93.0199212431908,110.297055244446
0,93.9038018584251,114.85151386261
0,94.7876824736595,115.219237238169
0,95.6715630888939,115.586989313364
0,96.5554437041283,115.954741388559
0,97.4393243193626,116.322493463755
0,98.323204934597,116.69024553895
0,99.2070855498314,117.057997614145
0,100.090966165066,117.425749689341
0,100.9748467803,117.793501764536
0,101.858727395535,118.161253839731
0,102.742608010769,118.529005914927
0,103.626488626003,118.896757990122
0,104.510369241238,119.264510065317
0,105.394249856472,119.632262140512
0,106.278130471706,120.000014215708
0,107.162011086941,120.367766290903
0,108.045891702175,120.735518366098
0,108.92977231741,121.103270441294
0,109.813652932644,121.471022516489
0,110.697533547878,121.838774591684
0,111.581414163113,122.20652666688
0,112.465294778347,122.574278742075
0,113.349175393581,122.94203081727
0,114.233056008816,123.309782892466
0,115.11693662405,123.677534967661
0,116.000817239285,124.045287042856
0,116.884697854519,124.413039118052
0,117.768578469753,124.780791193247
0,118.652459084988,125.148543268442
0,119.536339700222,125.516295343637
0,120.420220315456,125.884047418833
0,121.304100930691,126.251799494028
0,122.187981545925,126.619551569223
0,123.07186216116,126.987303644419
0,123.955742776394,127.355055719614
0,124.839623391628,127.722807794809
0,125.723504006863,127.722770686922
0,126.607384622097,127.722770686922
0,127.491265237331,127.722770686922
0,128.375145852566,127.722770686922
0,129.259034097195,127.722770686922
0,130.142914712429,127.722770686922
0,131.026795327663,127.722770686922
0,131.910675942898,127.722770686922
0,132.794556558132,127.722770686922
0,133.678437173367,127.722770686922
0,134.562317788601,127.722770686922
0,135.446198403835,127.722770686922
0,136.33007901907,127.722770686922
0,137.213959634304,127.722770686922
0,138.097840249538,127.722770686922
0,138.981720864773,127.722770686922
0,139.865601480007,127.722770686922
0,140.749482095242,127.722770686922
0,141.633362710476,127.722770686922
0,142.51724332571,127.722770686922
0,143.401123940945,127.722770686922
0,144.285004556179,127.722770686922
0,145.168885171413,127.722770686922
0,146.052765786648,127.722770686922
0,146.936646401882,127.722770686922
0,147.820527017117,127.722770686922
0,148.704407632351,127.722770686922
0,149.588288247585,127.722770686922
0,150.47216886282,127.722770686922
0,151.356049478054,127.722770686922
0,152.239930093288,127.722770686922
0,153.123810708523,127.722770686922
0,154.007691323757,127.722770686922
0,154.891571938992,127.722770686922
0,155.775452554226,127.722770686922
0,156.65933316946,127.722770686922
0,157.543213784695,127.722770686922
0,158.427094399929,127.722770686922
0,159.310975015163,127.722770686922
0,160.194855630398,127.722770686922
0,161.078736245632,127.722770686922
0,161.962616860867,127.722770686922
0,162.846497476101,127.722770686922
0,163.730378091335,127.722770686922
0,164.61425870657,127.722770686922
0,165.498139321804,127.722770686922
0,166.382019937038,127.722770686922
0,167.265900552273,127.722770686922
0,168.149781167507,127.722770686922
0,169.033661782742,127.722772277228
0,169.917542397976,127.727648045868
0,170.80142301321,127.732523228973
0,171.685303628445,127.737398412079
0,172.569184243679,127.742273595184
0,173.453064858913,127.74714877829
0,174.336945474148,127.752023961395
0,175.220826089382,127.7568991445
0,176.104706704617,127.761774327606
0,176.988587319851,127.766649510711
0,177.872467935085,127.771524693817
0,178.75634855032,127.776399876922
0,179.640229165554,127.781275060028
0,180.524109780788,127.786150243133
0,181.407990396023,127.791025426239
0,182.291871011257,127.795900609344
0,183.175751626492,127.80077579245
0,184.059632241726,127.805650975555
0,184.94351285696,127.810526158661
0,185.827393472195,127.815401341766
0,186.711274087429,127.820276524872
0,187.595154702663,127.825151707977
0,188.479035317898,127.830026891083
0,189.362915933132,127.834902074188
0,190.246796548367,127.839777257293
0,191.130677163601,127.844652440399
0,192.014557778835,127.849527623504
0,192.89843839407,127.85440280661
0,193.782319009304,127.859277989715
0,194.666199624538,127.864153172821
0,195.550080239773,127.869028355926
0,196.433960855007,127.873903539032
0,197.317841470242,127.878778722137
0,198.201722085476,127.883653905243
0,199.08560270071,127.888529088348
0,199.969483315945,127.893404271454
0,200.853363931179,127.898279454559
0,201.737244546413,127.903154637665
0,202.621125161648,127.90802982077
0,203.505005776882,127.912905003875
0,204.388886392117,127.917780186981
0,205.272767007351,127.922655370086
0,206.156647622585,127.927530553192
0,207.04052823782,127.932405736297
0,207.924408853054,127.937280919403
0,208.808289468288,127.942156102508
0,209.692170083523,127.947031285614
0,210.576050698757,127.951906468719
0,211.459931313992,127.956781651825
0,212.343811929226,127.96165683493
0,213.22769254446,127.966532018036
0,214.111573159695,127.971407201141
0,214.995453774929,127.976282384247
0,215.879334390163,127.981157567352
0,216.763215005398,127.986032750458
0,217.647095620632,127.990907933563
0,218.530976235867,127.995783116668
0,219.414856851101,128.000658299774
0,220.298737466335,128.005533482879
0,221.18261808157,128.010416295379
0,222.066498696804,128.015299107879
0,222.950379312038,128.020181920379
0,223.834259927273,128.025064732879
0,224.718140542507,128.029947545379
0,225.602021157742,128.034830357879
0,226.485901772976,128.039713170379
0,227.36978238821,128.044595982879
0,228.253663003445,128.049478795379
0,229.137543618679,128.054361607879
0,230.021424233913,128.059244420379
0,230.905304849148,128.064127232879
0,231.789185464382,128.069010045379
0,232.673066079617,128.073892857879
0,233.556946694851,128.078775670379
0,234.440827310085,128.083658482879
0,235.32470792532,128.088541295379
0,236.208588540554,128.093424107879
0,237.092469155788,128.098306920379
0,237.976349771023,128.103189732879
0,238.860230386257,128.108072545379
0,239.744111001492,128.112955357879
0,240.627991616726,128.117838170379
0,241.58415222168,128.122720982879
0,242.401094913483,128.127603795379
0,243.2180352211,128.132486607879
0,244.034975528717,128.137369420379
0,244.851915836334,128.142252232879
0,245.668856143951,128.147135045379
0,246.485796451569,128.152017857879
0,247.302736759186,128.156900670379
0,248.119677066803,128.161783482879
0,248.93661737442,128.166666295379
0,249.753557682037,128.171549107879
0,250.570497989655,128.176431920379
0,251.387438297272,128.181314732879
0,252.204378604889,128.186197545379
0,253.021318912506,128.191080357879
0,253.838259220123,128.195963170379
0,254.65519952774,128.200845982879
0,255.472139835358,128.205728795379
0,256.289080142975,128.210611607879
0,257.106035709381,128.215494420379
0,257.922991275787,128.220377232879
0,258.739946842194,128.225260045379
0,259.5569024086,128.230142857879
0,260.373857975006,128.235025670379
0,261.190813541412,128.239908482879
0,262.007769107819,128.244791295379
0,262.824724674225,127.722770690918
0,263.641680240631,127.57113391161
0,264.458635807037,127.419499695301
0,265.275591373444,127.267865478992
0,266.09254693985,127.116231262684
0,266.909502506256,126.964597046375
0,267.726458072662,126.812962830067
0,268.543413639069,126.661328613758
0,269.360369205475,126.509694397449
0,270.177324771881,126.358060181141
0,270.994280338287,126.206425964832
0,271.811235904694,126.054791748524
0,272.6281914711,125.903157532215
0,273.445147037506,125.751523315907
0,274.262102603912,125.599889099598
0,275.079058170319,125.448254883289
0,275.896013736725,125.296620666981
0,276.712969303131,125.144986450672
0,277.529924869537,124.993352234364
0,278.346880435944,124.841718018055
0,279.16383600235,124.690083801746
0,279.980791568756,124.538449585438
0,280.797747135162,124.386815369129
0,281.614702701569,124.235181152821
0,282.431658267975,124.083546936512
0,283.248613834381,123.931912720203
0,284.065569400787,123.780278503895
0,284.882524967194,123.628644287586
0,285.6994805336,123.477010071278
0,286.516436100006,123.325375854969
0,287.333391666412,123.17374163866
0,288.150347232819,123.022107422352
0,288.967302799225,122.870473206043
0,289.784258365631,122.718838989735
0,290.601213932037,122.567204773426
0,291.418169498444,122.415570557117
0,292.23512506485,122.263936340809
0,293.052080631256,122.1123021245
0,293.869036197662,121.960667908192
0,294.685991764069,121.809033691883
0,295.502947330475,121.657399475574
0,296.319902896881,121.505765259266
0,297.136858463287,121.354131042957
0,297.953814029694,121.202496826649
0,298.7707695961,121.05086261034
0,299.587725162506,120.899228394032
0,300.404680728912,120.747594177723
0,301.221636295319,120.595959961414
0,302.038591861725,120.444325745106
0,302.855547428131,120.292691528797
0,303.672502994537,120.141057312489
0,304.489458560944,119.98942309618
0,305.30641412735,119.837788879871
0,306.123369693756,119.686154663563
0,306.940325260162,119.534520447254
0,307.757280826569,119.382886230946
0,308.574236392975,119.231252014637
0,309.391191959381,119.079617798328
0,310.208147525787,118.92798358202
0,311.025103092194,118.776349365711
0,311.8420586586,118.624715149403
0,312.659014225006,118.473080933094
0,313.475969791412,118.321446716785
0,314.292925357819,118.169812500477
0,315.109880924225,118.018178284168
0,315.926836490631,117.86654406786
0,316.743792057037,117.714909851551
0,317.560747623444,117.563275635242
0,318.37770318985,117.411641418934
0,319.194658756256,117.260007202625
0,320.011614322662,117.108372986317
0,320.828569889069,116.956738770008
0,321.645525455475,116.805104553699
0,322.462481021881,116.653470337391
0,323.279436588287,116.501836121082
0,324.096392154694,116.350201904774
0,324.9133477211,116.198567688465
0,325.730303287506,116.046933472157
0,326.547258853912,115.895299255848
0,327.364214420319,115.743665039539
0,328.181169986725,115.592030823231
0,328.998125553131,115.440396606922
0,329.815081119537,115.288762390614
0,330.632036685944,115.137128174305
0,331.44899225235,114.985493957996
0,332.265947818756,114.833859741688
0,333.082903385162,114.682225525379
0,333.899858951569,114.530591309071
0,334.716814517975,114.378957092762
0,335.533770084381,114.227322876453
0,336.350725650787,114.075688660145
0,337.167681217194,113.924054443836
0,337.9846367836,113.772420227528
0,338.801592350006,113.620786011219
0,339.618547916412,113.46915179491
0,340.435503482819,113.317517578602
0,341.252459049225,113.165883362293
0,342.069414615631,113.014249145985
0,342.886370182037,112.862614929676
0,343.703325748444,112.710980713367
0,344.52028131485,112.559346497059
0,345.337236881256,112.40771228075
0,346.154192447662,112.256078064442
0,346.971148014069,112.104443848133
0,347.788103580475,111.952809631824
0,348.605059146881,111.801175415516
0,349.422014713287,111.649541199207
0,350.238970279694,111.497906982899
0,351.0559258461,111.34627276659
0,351.872881412506,111.194638550282
0,352.689836978912,111.043004333973
0,353.506792545319,110.891370117664
0,354.323748111725,110.739735901356
0,355.140703678131,110.588101685047
0,355.957659244537,110.436467468739
0,356.774614810944,110.28483325243
0,357.59157037735,110.133199036121
0,358.408525943756,109.981564819813
0,359.225481510162,109.829930603504
0,360.042437076569,109.678296387196
0,360.859392642975,109.526662170887
0,361.676348209381,109.375027954578
0,362.493303775787,109.22339373827
0,363.310259342194,109.071759521961
0,364.1272149086,108.920125305653
0,364.944170475006,108.768491089344
0,365.761126041412,108.616856873035
0,366.578081607819,108.465222656727
0,367.395037174225,108.313588440418
0,368.211992740631,108.16195422411
0,369.028948307037,108.010320007801
0,369.845903873444,107.858685791492
0,370.66285943985,107.707051575184
0,371.479815006256,107.555417358875
0,372.296770572662,107.403783142567
0,373.113726139069,107.252148926258
0,373.930681705475,107.100514709949
0,374.747637271881,106.948880493641
0,375.564592838287,106.797246277332
0,376.381548404694,106.645612061024
0,377.1985039711,106.493977844715
0,378.015459537506,106.342343628407
0,378.832415103912,106.190709412098
0,379.649370670319,106.039075195789
0,380.466326236725,105.887440979481
0,381.283281803131,105.735806763172
0,382.100237369537,105.584172546864
0,382.917192935944,105.432538330555
0,383.73414850235,105.280904114246
0,384.551104068756,105.129269897938
0,385.368059635162,104.977635681629
0,386.185015201569,104.826001465321
0,387.001970767975,104.674367249012
0,387.818926334381,104.522733032703
0,388.635881900787,104.371098816395
0,389.452837467194,104.219464600086
0,390.2697930336,104.067830383778
0,391.086748600006,103.916196167469
0,391.903704166412,103.76456195116
0,392.720659732819,103.612927734852
0,393.537615299225,103.461293518543
0,394.354570865631,103.309659302235
0,395.171526432037,103.158025085926
0,395.988481998444,103.006390869617
0,396.80543756485,102.854756653309
0,397.622393131256,102.703122437
0,398.439348697662,102.551488220692
0,399.256304264069,102.399854004383
0,400.073259830475,102.248219788074
0,400.890215396881,102.096585571766
0,401.707170963287,101.944951355457
0,402.524126529694,101.793317139149
0,403.3410820961,101.64168292284
0,404.158037662506,101.490048706532
0,404.974993228912,101.338414490223
0,405.791948795319,101.186780273914
0,406.608904361725,101.035146057606
0,407.425859928131,100.883511841297
0,408.242815494537,100.731877624989
0,409.059771060944,100.58024340868
0,409.87672662735,100.428609192371
0,410.693682193756,100.276974976063
0,411.510637760162,100.125340759754
0,412.327593326569,99.9737065434456
0,413.144548892975,99.822072327137
0,413.961504459381,99.6704381108284
0,414.778460025787,99.5188038945198
0,415.595415592194,99.3671696782112
0,416.4123711586,99.2155354619026
0,417.229326725006,99.063901245594
0,418.046282291412,98.9122670292854
0,418.863237857819,98.7606328129768
0,419.680193424225,98.6089985966682
0,420.497148990631,98.4573643803597
0,421.314104557037,98.3057301640511
0,422.131060123444,98.1540959477425
-1,422.94801568985,98.0024617314339
#MOTOR_B2
-1,100,177.173919677734
-1,100,177.173917466316
-1,100,177.173917466316
-1,100,177.173917466316
-1,100,128
-1,100,128
-1,100,128
-1,100,128
-1,100,128
-1,100,128
-1,100,128
-1,100,128
-1,100,128
-1,100,128
-1,100,128
-1,100,128
-1,100,128
-1,100,128
-1,100,128
-1,100,128
-1,100,128
-1,100,128
-1,100,128
-1,100,128
-1,100,128
-1,100,128
-1,100,128
-1,100,128
-1,100,128
-1,100,128
-1,100,128
-1,100,128
-1,100,128
-1,100,128
-1,100,128
-1,100,128
-1,100,128
-1,100,128
-1,100,128
-1,100,128
-1,100,128
-1,100,128
-1,100,128
-1,100,128
-1,100,128
-1,100,128
-1,100,128
-1,100,128
-1,100,128
-1,100,128
-1,100,178.260864257813
-1,100,178.260864470109
-1,100,178.260864470109
-1,100,178.260864470109
-1,100,178.260864470109
-1,100,178.260864470109
-1,100,178.260864470109
-1,100,178.260864470109
-1,100,178.260864470109
-1,100,178.260864470109
-1,100,178.260864470109
-1,100,178.260864470109
-1,100,178.260864470109
-1,100,178.260864470109
-1,100,178.260864470109
-1,100,178.260864470109
-1,100,178.260864470109
-1,100,178.260864470109
-1,100,178.260864470109
-1,100,178.260864470109
-1,100,178.260864470109
-1,100,178.260864470109
-1,100,178.260864470109
-1,100,178.260864470109
-1,100,178.260864470109
3,100,198.913040161133
3,100,198.88991349563
3,100,198.866781171411
3,100,198.843648847193
3,100,198.820516522974
3,100,198.797384198755
3,100,198.774251874536
3,100,198.751119550318
3,100,198.727987226099
3,100,198.70485490188
3,100,198.681722577661
3,100,198.658590253443
3,100,198.635457929224
3,100,198.612325605005
3,100,198.589193280786
3,100,198.566060956568
3,100,198.542928632349
3,100,198.51979630813
3,100,198.496663983911
3,100,198.473531659693
3,100,198.450399335474
3,100,198.427267011255
3,100,198.404134687036
3,100,198.381002362818
3,100,198.357870038599
3,100,198.33473771438
3,100,198.311605390161
3,100,198.288473065943
3,100,198.265340741724
3,100,198.242208417505
1,100,132.608695652174
1,100,135.491485834122
1,100,138.374283075333
1,100,141.257080316544
1,100,144.139877557755
1,100,147.022674798965
1,100,149.905472040176
1,100,152.788269281387
1,100,155.671066522598
1,100,158.553863763809
1,100,161.43666100502
1,100,164.319458246231
1,100,167.202255487442
1,100,170.085052728653
1,100,172.967849969864
1,100,175.850647211075
1,100,178.733444452286
1,100,181.616241693497
1,100,184.499038934708
1,100,187.381836175919
1,100,190.26463341713
1,100,193.14743065834
1,100,196.030227899551
1,100,198.913025140762
1,100,198.871233891696
1,100,198.829424809664
1,100,198.787615727633
1,100,198.745806645602
1,100,198.703997563571
1,100,198.662188481539
1,100,198.620379399508
1,100,198.578570317477
1,100,198.536761235446
1,100,198.494952153414
1,100,198.453143071383
1,100,198.411333989352
1,100,198.369524907321
1,100,198.327715825289
1,100,198.285906743258
1,100,198.244097661227
1,100,198.202288579196
1,100,198.160479497164
1,100,198.118670415133
1,100,198.076861333102
1,100,198.035052251071
1,100,197.993243169039
1,100,197.951434087008
1,100,197.909625004977
1,100,197.867815922946
1,100,197.826006840914
1,100,197.760198682547
1,100,197.727254956961
1,100,197.694311231375
1,100,197.661367505789
1,100,197.628423780203
1,100,197.595480054617
1,100,197.562536329031
1,100,197.529592603445
1,100,197.496648877859
1,100,197.463705152273
1,100,197.430761426687
1,100,197.397817701101
1,100,197.364873975515
1,100,197.331930249929
1,100,197.298986524343
1,100,197.266042798758
1,100,197.233099073172
1,100,197.200155347586
1,100,197.167211622
1,100,197.134267896414
1,100,197.101324170828
1,100,196.739130434783
1,100,196.739135994921
1,100,196.739135994921
1,100,196.739135994921
1,100,196.739135994921
1,100,196.739135994921
1,100,196.739135994921
1,100,196.739135994921
1,100,196.739135994921
1,100,196.739135994921
1,100,196.739135994921
1,100,196.739135994921
1,100,196.739135994921
1,100,196.739135994921
1,100,196.739135994921
1,100,196.739135994921
1,100,196.739135994921
1,100,196.739135994921
1,100,196.739135994921
1,100,196.739135994921
1,100,196.739135994921
1,100,196.739135994921
1,100,184.057964324951
1,100,171.376796722412
1,100,158.695629119873
1,100,146.014461517334
1,100,133.333293914795
1,100,120.652126312256
1,100,107.970958709717
1,100,95.2897911071777
1,100,82.6086235046387
1,100,69.9274559020996
1,100,57.2462882995605
1,100,44.5651168823242
2,45.6521739130435,13.0434782608696
2,45.84980045259,17.0289845466614
2,46.0474284738302,21.0144906044006
2,45.6521739130435,24.9999966621399
2,45.8982754945755,28.9855027198792
2,46.1443806886673,32.9710087776184
2,46.3904858827591,36.9565148353577
2,46.6365910768509,40.9420228004456
2,46.8826962709427,44.9275307655334
2,47.1288014650345,48.9130387306213
2,47.3749066591263,52.8985466957092
2,47.6210118532181,56.8840546607971
2,47.8671170473099,60.869562625885
2,48.1132222414017,64.8550705909729
2,48.3593274354935,68.8405785560608
2,48.6054326295853,72.8260827064514
2,48.8515378236771,76.811586856842
2,49.0976430177689,80.7970910072327
2,49.3437482118607,84.7825951576233
2,49.5898534059525,88.7680993080139
2,49.8359586000443,92.7536034584045
2,50.082063794136,96.7391076087952
2,50.3281689882278,99.5341591835022
2,50.5742741823196,102.329187870026
2,50.8203793764114,105.124216556549
2,51.0664845705032,107.919245243073
2,51.312589764595,110.714273929596
2,51.5586949586868,113.509302616119
2,51.8048001527786,116.304331302643
2,52.0509053468704,119.099359989166
2,52.2970105409622,121.89438867569
2,52.543115735054,124.689417362213
2,52.7892209291458,127.484446048737
2,53.0353261232376,130.27947473526
2,53.2814313173294,133.074511051178
2,53.5275365114212,135.869539737701
2,53.773641705513,138.664568424225
2,54.0197468996048,141.459597110748
2,54.2658520936966,144.254625797272
2,54.5119572877884,147.049654483795
2,54.7580624818802,149.844683170319
2,55.004167675972,152.639711856842
2,55.2502728700638,155.434740543365
2,55.4963780641556,158.229769229889
2,55.7424832582474,161.024797916412
2,55.9885884523392,163.819826602936
2,56.234693646431,166.614855289459
2,56.4807988405228,169.409883975983
2,56.7269040346146,172.204912662506
2,56.9730092287064,174.99994134903
2,57.2191144227982,177.794970035553
2,57.46521961689,180.589998722076
2,57.7113248109818,183.3850274086
2,57.9574300050735,186.180056095123
2,58.2035351991653,188.975084781647
2,58.4496403932571,191.77011346817
2,58.6957455873489,194.565142154694
2,58.3760063797235,195.213945806026
2,58.535853639245,194.929399907589
2,58.6957008987665,194.644854009151
2,59.2885364890099,194.360308110714
2,59.4861645102501,194.075762212276
2,59.6837925314903,193.791216313839
2,59.8814205527306,193.506670415401
2,60.0790485739708,193.222124516964
2,60.276676595211,192.937578618526
2,60.4743046164513,192.653032720089
2,60.6719326376915,192.368486821651
2,60.8695606589317,192.083940923214
2,61.067188680172,191.799395024776
2,61.2648167014122,191.514849126339
2,61.4624447226524,191.230303227901
2,61.6600727438927,190.945757329464
2,61.8577007651329,190.661211431026
2,62.0553287863731,190.376665532589
2,62.2529568076134,190.092119634151
2,62.4505848288536,189.807573735714
2,62.6482128500938,189.523027837276
2,62.8458408713341,189.238481938839
2,63.0434688925743,188.953936040401
2,63.2410969138145,188.669390141964
2,63.4387249350548,188.384844243526
2,63.636352956295,188.100298345089
2,63.8339809775352,187.815752446651
2,64.0316089987755,187.531206548214
2,64.2292370200157,187.246660649776
2,64.4268688559532,186.962114751339
2,64.6245006918907,186.677568852901
2,64.8221325278282,186.393022954464
2,65.0197643637657,186.108477056026
2,65.2173961997032,185.823931157589
2,65.4150280356407,185.539385259151
2,65.6126598715782,185.254839360714
2,65.8102917075157,184.970293462276
2,66.0079235434532,184.685747563839
2,66.2055553793907,184.401201665401
2,66.4031872153282,184.116655766964
2,66.6008190512657,183.832109868526
2,66.7984508872032,183.547563970089
2,66.9960827231407,183.263018071651
2,67.1937145590782,182.978472173214
2,67.3913463950157,182.693926274776
2,67.5889782309532,182.409380376339
2,67.7866100668907,182.124834477901
2,67.9842419028282,181.840288579464
2,68.1818737387657,181.555742681026
2,68.3795055747032,181.271196782589
2,68.5771374106407,180.986650884151
2,68.7747692465782,180.702104985714
2,68.9724010825157,180.417559087276
2,69.1700329184532,180.133013188839
2,69.3676647543907,179.848467290401
2,69.5652965903282,179.563921391964
2,71.0044178962708,179.279375493526
2,71.2560276985168,178.994829595089
2,71.5076375007629,178.710283696651
2,71.759247303009,178.425737798214
2,72.0108571052551,178.141191899776
2,72.2624669075012,177.856646001339
2,72.5140767097473,177.572100102901
2,72.7656865119934,177.287554204464
2,73.0172963142395,177.003008306026
2,73.2689061164856,176.718462407589
2,73.5205159187317,176.433916509151
2,73.7721257209778,176.149370610714
2,74.0237355232239,175.864824712276
2,74.27534532547,175.580278813839
2,74.5269551277161,175.295732915401
2,74.7785649299622,175.011187016964
2,75.0301747322083,174.726641118526
2,75.2817845344543,174.442095220089
2,75.5333943367004,174.157549321651
2,75.7850041389465,173.873003423214
2,76.0366139411926,173.588457524776
2,76.2882237434387,173.303911626339
2,76.5398335456848,173.019365727901
2,76.7914433479309,172.734819829464
2,77.043053150177,172.450273931026
2,77.2946629524231,172.165728032589
2,77.5462727546692,171.881182134151
2,77.7978825569153,171.596636235714
2,78.0494923591614,171.312090337276
2,78.3011021614075,171.027544438839
2,78.5527119636536,170.742998540401
2,78.8043217658997,170.458452641964
2,79.0559315681458,170.173906743526
2,79.3075413703918,169.889360845089
2,79.5591511726379,169.604814946651
2,79.810760974884,169.320269048214
2,80.0623707771301,169.035723149776
2,80.3139805793762,168.751177251339
2,80.5655903816223,168.466631352901
2,80.8172001838684,168.182085454464
2,81.0688099861145,167.897539556026
2,81.3204197883606,167.612993657589
2,81.5720295906067,167.328447759151
2,81.8236393928528,167.043901860714
2,82.0752491950989,166.759355962276
2,82.326858997345,166.474810063839
2,82.5784687995911,166.190264165401
2,82.8300786018372,165.905718266964
2,83.0816884040833,165.621172368526
2,83.3332982063293,165.336626470089
2,83.5849080085754,165.052080571651
2,83.8365178108215,164.767534673214
2,84.0881276130676,164.482988774776
2,84.3397374153137,164.198442876339
2,84.5913472175598,163.913896977901
2,84.8429570198059,163.629351079464
2,85.094566822052,163.344805181026
2,85.3461766242981,163.060259282589
2,85.5977864265442,162.775713384151
2,85.8493962287903,162.491167485714
2,86.1010060310364,162.206621587276
2,86.3526158332825,161.922075688839
2,86.6042256355286,161.637529790401
2,86.8558354377747,161.352983891964
2,87.1074452400208,161.068437993526
2,87.3590550422668,160.783892095089
2,87.6106648445129,160.499346196651
2,87.862274646759,160.214800298214
2,88.1138844490051,159.930254399776
2,88.3654942512512,159.645708501339
2,88.6171040534973,159.361162602901
2,88.8687138557434,159.076616704464
2,89.1203236579895,158.792070806026
2,89.3719334602356,158.507524907589
2,89.6235432624817,158.222979009151
2,89.8751530647278,157.938433110714
2,90.1267628669739,157.653887212276
2,90.37837266922,157.369341313839
2,90.6299824714661,157.084795415401
2,90.8815922737122,156.800249516964
2,91.1332020759583,156.515703618526
2,91.3848118782043,156.231157720089
2,91.6364216804504,155.946611821651
2,91.8880314826965,155.662065923214
2,92.1396412849426,155.377520024776
2,92.3912510871887,155.092974126339
2,92.6428608894348,154.808428227901
2,92.8944706916809,154.523882329464
2,93.146080493927,154.239336431026
2,93.3976902961731,153.954790532589
2,93.6493000984192,153.670244634151
2,93.9009099006653,153.385698735714
2,94.1525197029114,153.101152837276
2,94.4041295051575,152.816606938839
2,94.6557393074036,152.532061040401
2,94.9073491096497,152.247515141964
2,95.1589589118958,151.962969243526
2,95.4105687141418,151.678423345089
2,95.6621785163879,151.393877446651
2,95.913788318634,151.109331548214
2,96.1653981208801,150.824785649776
2,96.4170079231262,150.540239751339
2,96.6686177253723,150.255693852901
2,96.9202275276184,149.971147954464
2,97.1718373298645,149.686602056026
2,97.4234471321106,149.402056157589
2,97.6750569343567,149.117510259151
2,97.9266667366028,148.832964360714
2,98.1782765388489,148.548418462276
2,98.429886341095,148.263872563839
2,98.6814961433411,147.979326665401
2,98.9331059455872,147.694780766964
2,99.1847157478333,147.410234868526
2,99.4363255500793,147.125688970089
2,99.6879353523254,146.841143071651
2,99.9395451545715,146.556597173214
2,100.191154956818,146.272051274776
2,100.442764759064,145.987505376339
2,100.69437456131,145.702959477901
2,100.945984363556,145.418413579464
2,101.197594165802,145.133867681026
2,101.449203968048,144.849321782589
2,101.700813770294,144.564775884151
2,101.95242357254,144.829643562436
2,102.204033374786,144.961403205991
2,102.455643177032,145.093162849545
2,102.707252979279,145.2249224931
2,102.958862781525,145.356682136655
2,103.210472583771,145.48844178021
2,103.462082386017,145.620201423764
2,103.713692188263,145.751961067319
2,103.965301990509,145.883720710874
2,104.216911792755,146.015480354428
2,104.468521595001,146.147239997983
2,104.720131397247,146.278999641538
2,104.971741199493,146.410759285092
2,105.22335100174,146.542518928647
2,105.474960803986,146.674278572202
2,105.726570606232,146.806038215756
2,105.978180408478,146.937797859311
2,106.229790210724,147.069557502866
2,106.48140001297,147.20131714642
2,106.733009815216,147.333076789975
2,106.984619617462,147.46483643353
2,107.236229419708,147.596596077085
2,107.487839221954,147.728355720639
2,107.7394490242,147.860115364194
2,107.991058826447,147.991875007749
2,108.242668628693,148.123634651303
2,108.494278430939,148.255394294858
2,108.745888233185,148.387153938413
2,108.997498035431,148.518913581967
2,109.249107837677,148.650673225522
2,109.500717639923,148.782432869077
2,109.752327442169,148.914192512631
2,110.003937244415,149.045952156186
2,110.255547046661,149.177711799741
2,110.507156848907,149.309471443295
2,110.758766651154,149.44123108685
2,111.0103764534,149.572990730405
2,111.261986255646,149.70475037396
2,111.513596057892,149.836510017514
2,111.765205860138,149.968269661069
2,112.016815662384,150.100029304624
2,112.26842546463,150.231788948178
2,112.520035266876,150.363548591733
2,112.771645069122,150.495308235288
2,113.023254871368,150.627067878842
2,113.274864673615,150.758827522397
2,113.526474475861,150.890587165952
2,113.778084278107,151.022346809506
2,114.029694080353,151.154106453061
2,114.281303882599,151.285866096616
2,114.532913684845,151.41762574017
2,114.784523487091,151.549385383725
2,115.036133289337,151.68114502728
2,115.287743091583,151.812904670835
2,115.539352893829,151.944664314389
2,115.790962696075,152.076423957944
-1,116.042572498322,152.208183601499
